 F
        6568       26672           3         500
    0.685517805152510706E-01    0.931141496521677148E+01
 T
   2
    0.200000000000000000E+01    0.300000000000000000E+01    0.973999999999999977E+00    0.259999999999999988E-01
   0
   0
 T T     0           0
    0.000000000000000000E+00   -0.100000000000000002+101    0.000000000000000000E+00
 T F     1         487
    0.525788687352686742E-05    0.658537685562413794E-01    0.931775643013890509E+01
 T F     1          13
    0.127180469313702052E-06   -0.584803701082151939E+01    0.696416291778379559E+01
